seg seg cht_mean slope_mean relief_mean Lh_mean
0 0 -0.0216362956522 0.187513113043 5.437174 29.4297269565
1 1 -0.0682512366071 0.224300571429 5.18696705357 23.4203379464
2 2 -0.0404404793388 0.203218214876 3.52594909091 16.9158504132
3 3 -0.0562183027523 0.19562153211 6.76333082569 35.1616954128
4 4 -0.0882069493671 0.26769692827 5.26616548523 20.5832831224
5 5 -0.0597574058577 0.344767138075 5.76064359833 16.5410656904
6 6 -0.0325398461538 0.282812164835 9.69276637363 35.7395318681
7 7 -0.0901377428571 0.323940489796 6.10460889796 18.7171722449
8 8 -0.107578993007 0.350627853147 7.86228643357 23.0862174825
9 9 -0.151770789474 0.379445078947 7.03753013158 18.2288776316
10 10 -0.0768935 0.336929745283 7.45720207547 21.6809886792
11 11 -0.024541755102 0.312352612245 11.3272281633 35.7594387755
12 12 -0.0667021153846 0.243158198718 5.60650711538 23.8017487179
13 13 -0.0896260714286 0.282719478992 6.19453432773 22.0583176471
14 14 -0.140195100437 0.370601572052 5.777039869 15.2657048035
15 15 -0.099593712766 0.338377510638 7.190585 21.7110292553
16 16 -0.100091215962 0.401646694836 7.70739887324 18.991028169
17 17 -0.0469722164179 0.38187688806 9.98796992537 25.7525858209
18 18 -0.0739023369565 0.382680271739 8.09901456522 21.4393880435
19 19 -0.0496369414226 0.279335794979 5.43118606695 18.9923334728
20 20 -0.042118646789 0.160872022936 4.90887724771 30.9590256881
21 21 -0.0583435941423 0.259042430962 5.64098041841 22.1041619247
22 22 -0.0409275255814 0.327870069767 9.15668706977 27.828195814
23 23 -0.0958042510288 0.356891938272 7.24446152263 20.1567308642
24 24 -0.0997174225941 0.272981623431 6.10462991632 22.5065560669
25 25 -0.0319657729469 0.286665400966 8.27886613527 28.6488270531
26 26 -0.042477103139 0.259439914798 13.2444403587 52.0644578475
27 27 -0.0511743235294 0.184770623529 6.47621988235 35.3013470588
28 28 -0.0552902961373 0.26105804721 5.27806309013 20.0176077253
29 29 -0.0732023108108 0.309777675676 9.93498157658 32.8090346847
30 30 -0.0488885063291 0.33881556962 13.9763698734 43.3977582278
31 31 -0.071400784 0.374439216 13.9398952 36.7210488
32 32 -0.046661017094 0.235635589744 3.56150042735 14.6795790598
33 33 -0.0578772384937 0.299948041841 4.9354876569 16.3527820084
34 34 -0.0391802647059 0.346442470588 8.98991357143 26.0804302521
35 35 -0.0395283371429 0.357262965714 12.2821794286 34.118896
36 36 -0.03426581893 0.21170327572 12.8714654321 60.6909156379
37 37 -0.0174091128205 0.224188461538 10.173740359 45.16572
38 38 -0.0464673865546 0.28711292437 7.63610260504 26.954837395
39 39 -0.0625208086124 0.294313354067 10.3199044019 38.7845526316
40 40 -0.0397110726496 0.376416602564 12.3729118376 32.5649405983
41 41 -0.0281501729958 0.279616303797 14.3263160338 53.0493873418
42 42 -0.0440060874317 0.271876229508 16.0720721311 59.9690021858
43 43 -0.0697333626374 0.204596258242 4.81381175824 23.3764495604
44 44 -0.0856273146552 0.301275693966 6.6062737931 22.0373612069
45 45 -0.0726045945946 0.245607740541 7.62822486486 33.8398816216
46 46 -0.0981492194093 0.30667121519 11.8190883122 40.257243038
47 47 -0.153195029412 0.478135693277 10.2803318908 21.3414852941
48 48 -0.0524955590909 0.198561359091 6.51631031818 35.8333281364
49 49 -0.0547786486486 0.287301265766 10.1218324324 37.2012774775
50 50 -0.112090382353 0.374185058824 11.155112521 30.6104785714
51 51 -0.0658657699115 0.428767044248 12.6376119027 29.0759336283
52 52 -0.113319497653 0.513604079812 12.8912403756 25.4019352113
53 53 -0.0701003300971 0.450803708738 13.3853456311 29.5048174757
54 54 -0.0204030942029 0.468916992754 21.7539992754 46.0953289855
55 55 -0.0808817820513 0.560636529915 14.0322388889 25.1362491453
56 56 -0.0407855518868 0.554058919811 15.2434981132 27.4083466981
57 57 -0.0755258429752 0.550869619835 14.3287595041 25.8874264463
58 58 0.0 0.0 0.0 0.0
59 59 -0.0836766153846 0.509537661538 16.0213323077 31.9677112821
60 60 -0.148199296703 0.621731604396 15.3763604396 24.3926384615
61 61 -0.118991646259 0.592112945578 13.7228612245 24.0592741497
62 62 -0.180094757576 0.645110593939 14.9469442424 23.2853218182
63 63 -0.135710396313 0.554099506912 16.9051170507 33.4142709677
64 64 -0.198183828452 0.673057364017 17.9880196653 26.5396824268
65 65 -0.220510707113 0.673111246862 15.2872096234 22.5379769874
66 66 -0.161687276151 0.643540535565 13.8339384937 21.3820648536
67 67 -0.0864652067308 0.514824716346 18.46098125 36.2051326923
68 68 -0.106206285714 0.57241832 17.9518342857 31.2301754286
69 69 -0.097770472103 0.587085472103 18.64142103 31.6624527897
70 70 -0.161028346939 0.499087729592 7.64844489796 15.377640051
71 71 -0.103629918129 0.576472538012 10.8806164912 18.5278280702
72 72 -0.137721399177 0.424039588477 11.3881334156 29.6188835391
73 73 -0.177413099338 0.599857331126 7.24675476821 11.8063374172
74 74 -0.10145843956 0.613966274725 15.8771021978 25.7741813187
75 75 -0.164003941489 0.579927760638 12.1053978191 20.2996542553
76 76 -0.163611616667 0.4213136125 10.479915625 27.3544558333
77 77 -0.345743852217 0.663018862069 8.92218147783 13.095076798
78 78 -0.272808207207 0.658538045045 7.52007666667 10.9785945946
79 79 -0.143475604651 0.540785286822 15.4306449612 28.2073077519
80 80 -0.163527219626 0.602970056075 16.713714486 27.6913621495
81 81 -0.0711092173913 0.58410813913 17.6315226087 30.0472813043
82 82 -0.0154023529412 0.503561336134 22.2617138655 44.0711054622
83 83 -0.0373522510638 0.434884625532 24.6585804255 56.9956778723
84 84 -0.0444785291667 0.489412395833 17.86740125 35.9537129167
85 85 -0.1145438 0.5564147125 20.738068125 37.70851875
86 86 -0.157185836207 0.628572431034 20.0040012931 31.3421836207
87 87 -0.128393860169 0.622368665254 18.0951889831 28.8940292373
88 88 -0.126044179916 0.666515259414 14.6400205021 21.7031100418
89 89 -0.257691254658 0.582078198758 16.1900832298 31.1980465839
90 90 -0.139326888889 0.597970858025 11.4888346296 18.7217216049
91 91 -0.139329201754 0.580479666667 9.63107394737 16.1971260526
92 92 -0.147530166667 0.503978316667 20.8414291667 48.3898733333
93 93 -0.176921355856 0.619668234234 13.8963306306 22.2039036036
94 94 -0.233157857143 0.572992009852 10.3411096059 17.6764842365
95 95 -0.205943753846 0.690823307692 22.4287676923 32.02674
96 96 -0.180257940092 0.671735562212 19.4086497696 28.7952497696
97 97 -0.0905248309859 0.63646357277 16.9515314554 26.5916610329
98 98 -0.107891924051 0.629593253165 16.3411464557 25.9238421941
99 99 -0.12153155 0.555390425 16.95579 30.567426875
100 100 -0.229247504237 0.609200504237 17.393 29.214379661
101 101 -0.343578401674 0.682476200837 12.5545991632 18.223276569
102 102 -0.270833253456 0.617252258065 8.80821529954 13.6367047005
103 103 -0.0707958401639 0.57190032377 16.3120704918 28.3376737705
104 104 -0.0898726329114 0.645889759494 15.769721519 23.9548037975
105 105 -0.312578933775 0.579726258278 14.9384688742 25.5730589404
106 106 -0.248758681592 0.590282049751 12.2626395522 20.5793208955
107 107 -0.272950084444 0.603832555556 12.6770168889 20.9250173333
108 108 -0.330608226891 0.698480113445 12.3768281513 17.3684092437
109 109 -0.350124094421 0.648560493562 11.37064 16.7094936052
110 110 -0.0713901779661 0.527384529661 21.9921101695 40.7085470339
111 111 -0.058623549763 0.605791175355 20.7337890995 34.0588563981
112 112 -0.150662369099 0.617666261803 20.7380420601 33.2507030043
113 113 -0.174314926471 0.665211196078 23.2700887255 35.0891872549
114 114 -0.185733210526 0.626789652632 21.2108452632 34.1087578947
115 115 -0.228821620253 0.655799995781 21.7138232068 32.9661586498
116 116 -0.27453071978 0.643402483516 14.9734708791 23.2767434066
117 117 -0.42100325 0.687471925 14.6050405 21.1176455
118 118 -0.384419926724 0.711145155172 13.8854448276 19.5043189655
119 119 -0.303301355649 0.684901179916 14.5778297908 20.9574179916
120 120 -0.247392439331 0.691793753138 18.645765272 26.3882556485
121 121 -0.222442125523 0.704400556485 21.2880439331 29.8672058577
122 122 -0.209522775424 0.684968605932 22.2843932203 32.3025237288
123 123 -0.142016887029 0.692611702929 21.1622870293 30.4548083682
124 124 -0.145189252101 0.699175189076 21.9943882353 31.3402529412
125 125 -0.176851502304 0.479604663594 10.9366618433 23.3535672811
126 126 -0.158742889831 0.522051694915 12.1113935593 23.1856097458
127 127 -0.354929419811 0.667759396226 15.8074316038 23.4419849057
128 128 -0.24916826601 0.640358541872 17.6798206897 27.4912763547
129 129 -0.185588288372 0.589323804651 14.537613814 24.4278386047
130 130 -0.0941266153846 0.537445466346 13.098645625 23.98689375
131 131 -0.159576702929 0.643613811715 18.6848707113 28.6381380753
132 132 -0.189516209205 0.656128518828 21.8202129289 32.8340824268
133 133 -0.227611372385 0.658397154812 18.601577364 27.4518635983
134 134 -0.216891760234 0.660514210526 11.2639054971 16.5790321637
135 135 -0.278226884444 0.680832426667 15.3739293333 22.3456497778
136 136 -0.185099292181 0.484598831276 12.0530259671 24.4326465021
137 137 -0.344642986047 0.69794455814 19.1669066977 26.4345223256
138 138 -0.215421741573 0.653447573034 17.70206 25.3969213483
139 139 -0.0495260066225 0.410376324503 22.6617205298 55.4433695364
140 140 -0.294900164179 0.633997626866 15.1563686567 23.8712094527
141 141 -0.25378555157 0.595055847534 15.607253722 26.5346789238
142 142 -0.123113746753 0.427536961039 12.5880064935 28.8535194805
143 143 -0.138068074766 0.622575341121 16.4956771028 25.8909584112
144 144 -0.135478280172 0.64566062069 24.1079137931 38.1170676724
145 145 -0.0661002134831 0.581059662921 24.2043651685 41.7773573034
146 146 -0.233989105263 0.730167151316 25.3504197368 34.8422776316
147 147 -0.270020689956 0.741930637555 25.3026558515 33.9513742358
148 148 -0.440855046875 0.706678364583 21.4074706771 29.0209982812
149 149 -0.203834258824 0.626178164706 18.8322295294 28.2064857647
150 150 -0.224668953333 0.50014708 13.2531173333 27.1913033333
151 151 -0.292831419492 0.587217105932 10.1994797034 17.2101745763
152 152 -0.298264199134 0.586989458874 7.93655147186 13.179065368
153 153 -0.250231801136 0.510634011364 12.5111386364 24.4174488636
154 154 -0.175466368182 0.504300245455 10.2747224545 20.2416795455
155 155 -0.160153556075 0.560766107477 16.1919518692 28.2980149533
156 156 -0.289322112195 0.674665321951 19.8184497561 28.6848112195
157 157 -0.443278729958 0.735955097046 19.750514346 26.1222345992
158 158 -0.453648079498 0.719007125523 16.7443178243 22.148116318
159 159 -0.110722 0.393299253012 10.2332542169 25.852610241
160 160 -0.212613679825 0.460866223684 12.235002193 26.8892122807
161 161 -0.125767299213 0.364878212598 13.7367188976 37.2947944882
162 162 -0.286860114286 0.706331857143 23.1489561905 32.8107514286
163 163 -0.454928857741 0.774733933054 22.8739029289 29.5186263598
164 164 -0.491462690377 0.7873128159 24.930958159 31.5300079498
165 165 -0.52473967364 0.791570832636 24.488932636 30.6904343096
166 166 -0.534059677824 0.746821543933 17.5397881172 22.8990728033
167 167 -0.361927047619 0.700128233766 20.8067268398 28.0169385281
168 168 -0.291714009901 0.706992712871 23.994190099 32.4591564356
169 169 -0.159464253731 0.465192485075 17.1930373134 37.2929522388
170 170 -0.121103443662 0.563187260563 17.6080753521 31.672056338
171 171 -0.199503126316 0.581695278947 20.8056057895 34.9498626316
172 172 -0.153216270588 0.630613117647 25.8981529412 40.3860364706
173 173 -0.290842388489 0.761417100719 32.5153776978 42.4434769784
174 174 -0.311628730942 0.742823399103 29.9528798206 39.7882488789
175 175 -0.14332981448 0.654982230769 24.4868384615 36.7542782805
176 176 -0.0770687130435 0.594683652174 16.85968 28.1676278261
177 177 -0.168859311475 0.143689321885 2.8751493922 6.1662120082
178 178 -0.172598422886 0.456086597015 10.7530771144 23.162000995
179 179 -0.293179562189 0.504049766169 7.73899164179 15.2048087562
180 180 -0.428180808 0.537091664 6.3586428 10.92076376
181 181 -0.256983412844 0.656149623853 28.2005100917 42.7523844037
182 182 -0.431245874477 0.746114334728 30.4169246862 40.811674477
183 183 -0.465384535565 0.742970322176 28.5869728033 38.2107527197
184 184 -0.444047617284 0.758435030864 29.2529981481 38.1784814815
185 185 -0.451944167364 0.786413811715 28.191651046 35.520376569
186 186 -0.361267443515 0.777297171548 21.7261334728 27.839923431
187 187 -0.1745017875 0.6915932375 15.40783375 21.96510375
188 188 -0.214486530201 0.532869838926 7.03936255034 12.8603747651
189 189 -0.264992441558 0.657034168831 12.7530492641 18.9559363636
190 190 -0.195861187234 0.700246859574 18.5844195745 26.4507442553
191 191 -0.115138627119 0.700907754237 29.5204288136 41.9003398305
192 192 -0.158280961905 0.373614761905 11.6362333333 30.7457619048
193 193 -0.121955155251 0.42969452968 16.0685634703 37.2632242009
194 194 -0.204729634703 0.498496598174 16.3300410959 32.9259858447
195 195 -0.258532222222 0.628080082126 18.1551323671 28.8641951691
196 196 -0.2856392103 0.673651347639 21.2346806867 31.3109424893
197 197 -0.326995611814 0.676811510549 26.9463814346 39.707807173
198 198 -0.349814021097 0.683815443038 26.5701632911 38.8076067511
199 199 -0.287871752101 0.684559508403 26.3531739496 39.2277357143
200 200 -0.335888829787 0.72600653617 29.1082123404 40.5602374468
201 201 -0.309689662447 0.782254054852 23.7253375527 30.7081151899
202 202 -0.306286171548 0.753324464435 29.6436937238 39.6638188285
203 203 -0.275650248963 0.744017427386 29.279853112 38.6486834025
204 204 -0.174936020921 0.704478966527 24.5929736402 34.3615824268
205 205 -0.196173300429 0.651386905579 14.6022607725 21.4696291845
206 206 -0.155647821656 0.571948248408 11.8346528025 20.1212273885
207 207 -0.286729090909 0.644316060606 19.8902575758 30.7977424242
208 208 -0.443559097297 0.659459016216 18.0785576216 27.0207335135
209 209 -0.406512144444 0.630339183333 9.27218644444 13.5553674444
210 210 -0.125082738197 0.355728193133 9.6255711588 27.6521377682
211 211 -0.114835756944 0.431217090278 11.2036277778 26.3334972222
212 212 -0.382411287671 0.72184830137 17.6029408219 23.2347324658
213 213 -0.320780659091 0.636800972727 13.0894183182 18.8897852273
214 214 -0.184032738462 0.545741307692 14.4897332308 23.8104123077
215 215 -0.189828776224 0.152133224476 2.77822880408 6.50318584615
216 216 -0.159144958159 0.435139004184 10.9527285774 24.9217619247
217 217 -0.134050394737 0.510166429825 19.2948498246 35.2145552632
218 218 -0.302658527197 0.730148790795 26.0577715481 35.1515167364
219 219 -0.107655230769 0.353538137363 8.33078697802 23.373732967
220 220 -0.192316597458 0.466104372881 9.08219800847 19.4294372881
221 221 -0.355558035714 0.509637602679 9.64427785714 18.69345
222 222 -0.18532104329 0.521535212121 13.1216151515 25.0543831169
223 223 -0.256483306452 0.571883924731 16.3046231183 28.5982483871
224 224 -0.466442106838 0.561409098291 17.0778970085 30.585374359
225 225 -0.425941730769 0.577791542735 18.9879923077 32.580817094
226 226 -0.457320167364 0.638741711297 21.2057782427 32.800016318
227 227 -0.434459161702 0.648730421277 23.4414885106 35.874532766
228 228 -0.390883254386 0.674626881579 24.3228807018 36.3880688596
229 229 -0.250075615063 0.71228048954 24.497807113 34.0648891213
230 230 -0.297823924686 0.743138410042 23.6950125523 31.1884841004
231 231 -0.335341186667 0.748341026667 23.1147097778 30.4442542222
232 232 -0.439805531646 0.781670506329 28.3747291139 35.8520493671
233 233 -0.121243422414 0.657028331897 24.598912931 37.0779715517
234 234 -0.0921036276151 0.681964782427 25.5130949791 37.0615485356
235 235 -0.116140292887 0.604591794979 26.1065079498 41.3836987448
236 236 -0.208166595745 0.616363970213 22.731554 33.6004859574
237 237 -0.25301100431 0.679839607759 26.2429239655 36.8756758621
238 238 -0.162594516393 0.65275 25.6192893443 39.2028680328
239 239 -0.156826471429 0.591939271429 24.1995528571 40.58869
240 240 -0.0973600603448 0.60443275 27.2851525862 45.0658103448
241 241 -0.260188152174 0.640088195652 31.8464395652 50.3350504348
242 242 -0.32158290795 0.676256874477 34.9286309623 51.5018008368
243 243 -0.411347801688 0.715434658228 31.6711607595 44.494243038
244 244 -0.398626784232 0.747240842324 23.2974987552 30.9598087137
245 245 -0.355518426136 0.633853630682 15.5728914773 24.1926153409
246 246 -0.152901012605 0.590799340336 17.5493340336 29.5518277311
247 247 -0.213544520619 0.574334 26.9328056701 46.9259912371
248 248 -0.297851055085 0.674284983051 20.4235525424 30.3518275424
249 249 -0.214861520737 0.651872073733 25.754281106 39.3695147465
250 250 -0.197718753138 0.6885731841 30.224467364 43.6517251046
251 251 -0.190862411765 0.706404428571 27.8470760504 39.1202092437
252 252 -0.0878967196653 0.674325753138 29.5314723849 43.9872305439
253 253 -0.0801077573222 0.652342861925 30.1126284519 45.9050251046
254 254 -0.147166578059 0.664956945148 29.3908810127 43.9151278481
255 255 -0.270672056962 0.713389259494 23.2825943038 31.8680835443
256 256 -0.307577341564 0.761553156379 36.5973024691 47.5209074074
257 257 -0.154274665272 0.725501715481 33.5617129707 45.7654707113
258 258 -0.195160075314 0.72831760251 31.448167364 42.6290677824
259 259 -0.132689469945 0.470029639344 12.148747541 25.6507289617
260 260 -0.206267493724 0.457350016736 9.73679343096 21.2977380753
261 261 -0.267730243363 0.476594889381 11.5057784513 23.9340327434
262 262 -0.257124803738 0.529571168224 15.2916481308 28.7087051402
263 263 -0.289006897872 0.533611144681 12.1156991064 22.618527234
264 264 -0.382853657534 0.511861812785 20.9169730594 40.6583680365
265 265 -0.232217627273 0.539586240909 19.9136181818 37.046195
266 266 -0.259043681564 0.605780301676 19.455350838 31.8887871508
267 267 -0.172371278481 0.593272388186 19.0859514768 31.9908700422
268 268 -0.239037371795 0.648103893162 19.6041816239 30.0772512821
269 269 -0.332055916318 0.688477016736 21.341958159 30.703225523
270 270 -0.307319966102 0.717134114407 23.6714639831 32.7387555085
271 271 -0.355419205021 0.749078552301 24.4093242678 32.2445995816
272 272 -0.364019700855 0.675894098291 20.3333688034 29.5951773504
273 273 -0.488257441176 0.632598276471 17.8496370588 27.8425223529
274 274 -0.170356983051 0.485949385593 12.0559618644 25.2041029661
275 275 -0.271771821256 0.479152396135 12.2280724638 25.7998748792
276 276 -0.265937138554 0.500204506024 14.4658801205 28.8807560241
277 277 -0.266028329114 0.55159214346 14.5045729958 26.0927590717
278 278 -0.169303695652 0.579778217391 13.8961454106 23.864621256
279 279 -0.255033387255 0.578704166667 14.080152451 24.1783696078
280 280 -0.179028078261 0.541830417391 18.785866087 34.4693247826
281 281 -0.247727117155 0.611645882845 21.8568995816 35.5969527197
282 282 -0.267883172269 0.634386613445 18.6097705882 29.0673756303
283 283 -0.314823426778 0.59671134728 17.5394288703 29.1388033473
284 284 -0.156494995708 0.564291064378 15.5330643777 27.2732909871
285 285 -0.25832740678 0.551865648305 16.7081707627 30.8229347458
286 286 -0.2462021625 0.5978913375 18.84771625 31.88836125
287 287 -0.302119221757 0.593637108787 17.6385849372 30.3756200837
288 288 -0.225091723404 0.486096523404 15.7424493617 34.4490046809
289 289 -0.295926912844 0.536547816514 16.3294550459 32.0065389908
290 290 -0.335494325581 0.537815172093 14.6138717674 27.5321167442
291 291 -0.35235599505 0.540082881188 13.5308425743 24.987080198
292 292 -0.416086044025 0.601188333333 12.2308553459 20.2191578616
293 293 -0.273707898876 0.570031921348 14.0131910112 24.1128179775
294 294 -0.238391613208 0.6522955 19.0733320755 28.3401320755
295 295 -0.288714786611 0.692303644351 23.0848782427 32.8360531381
296 296 -0.370137719665 0.717099941423 22.1675020921 30.7011874477
297 297 -0.365678852941 0.717104588235 20.7061352941 28.7254117647
298 298 -0.388768038298 0.672499757447 19.6953629787 28.9921059574
299 299 -0.352448083333 0.634056611111 17.6445009259 27.5879657407
300 300 -0.321822771654 0.625347362205 12.8132244094 20.4835102362
301 301 -0.284405054622 0.644411323529 15.6892147059 24.2774953782
302 302 -0.257907321739 0.659442908696 19.362356087 29.1674552174
303 303 -0.272541297872 0.620202812766 18.2248122128 29.0553689362
304 304 -0.0976219411765 0.291048987395 6.6830344958 22.9542016807
305 305 -0.088031167364 0.320648246862 6.84220251046 21.614741841
306 306 -0.126872012448 0.412355091286 8.61192589212 21.0708103734
307 307 -0.115307267782 0.410080820084 8.97816723849 21.7957050209
308 308 -0.177303106838 0.443850388889 12.171442094 27.2374051282
309 309 -0.195908276471 0.490448064706 12.3812775882 25.4373764706
310 310 -0.366805817778 0.613215084444 10.2698882667 16.2397088889
311 311 -0.279222140271 0.563819298643 13.224349638 23.2105828054
312 312 -0.275075627737 0.517572839416 11.9352058394 22.8163051095
313 313 -0.192431791489 0.44908713617 11.2266809362 25.0210693617
314 314 -0.151355742489 0.232810764807 4.54840290178 11.3301950086
315 315 -0.150082255411 0.408246246753 6.99242411255 17.6253588745
316 316 -0.0890011862069 0.281785241379 8.53873717241 30.6869510345
317 317 -0.0874427400881 0.317822484581 8.14622365639 25.5573374449
318 318 -0.0458279375 0.261991703125 7.232966875 27.3357333333
319 319 -0.0711693776824 0.298703660944 9.75935622318 33.4542639485
320 320 -0.07900890625 0.424018915179 8.52924066964 20.2420504464
321 321 -0.093718454955 0.425589576577 12.0790618018 27.9768594595
322 322 -0.173276188285 0.530618778243 15.9429033473 30.1209594142
323 323 -0.172709317829 0.566056372093 18.8736248062 33.2198248062
324 324 -0.228029213333 0.602952551111 19.4599773333 32.0947555556
325 325 -0.257233704301 0.594925715054 17.4416763441 29.0040978495
326 326 -0.2037 0.552364419048 14.0621095238 25.1555971429
327 327 -0.190214826484 0.535153917808 13.5086810046 24.9230954338
328 328 -0.147333684685 0.509001445946 13.5929413964 26.6038531532
329 329 -0.162556851695 0.569995690678 17.7266055085 30.7225334746
330 330 -0.28429825523 0.556956493724 17.6411874477 30.9548121339
331 331 -0.2562139447 0.589348539171 19.3518156682 32.7402930876
332 332 -0.134640612245 0.546395163265 17.77095 32.1764392857
333 333 -0.151708743842 0.531919669951 16.0638807882 29.6044236453
334 334 -0.217516111111 0.477642666667 15.7799822222 32.8614222222
335 335 -0.151586109589 0.488848328767 19.3455349315 39.3698917808
336 336 -0.283967796296 0.580565805556 18.6697310185 32.2434050926
337 337 -0.192713228814 0.589315279661 17.9876512712 30.6889966102
338 338 -0.211923335526 0.570566546053 16.2976585526 28.4147401316
339 339 -0.289658635965 0.614850092105 14.5532907895 23.187375
340 340 -0.339747025105 0.652206288703 15.7798460251 23.7436351464
341 341 -0.376152426471 0.668120772059 17.9865955882 26.4154742647
342 342 -0.207715136792 0.615670485849 17.6101193396 28.2949811321
343 343 -0.192626486111 0.600097416667 15.5343951389 25.4729118056
344 344 -0.214515074689 0.660785539419 14.3863377593 21.8335410788
345 345 -0.0881325116279 0.232113162791 5.14730413953 22.0566009302
346 346 -0.0529118619247 0.299777937238 9.41152966527 31.0207912134
347 347 0.0498932790698 0.224045193798 3.94592695349 16.1653787597
348 348 -0.147129634615 0.383260028846 8.519988125 23.8030658654
349 349 -0.229384123894 0.416267827434 7.48136880531 18.3966584071
350 350 -0.174061359606 0.411293448276 9.50890339901 23.6068857143
351 351 -0.214829354978 0.50818812987 12.647854026 25.2247406926
352 352 -0.201812280543 0.546954841629 10.2831177828 18.2728438914
353 353 -0.129007671533 0.46930359854 8.29175919708 17.3190182482
354 354 -0.179325098039 0.497540823529 18.2498617647 35.9971911765
355 355 -0.197072495763 0.543575173729 14.2089629237 25.8068144068
356 356 -0.181540446352 0.476688 6.42349120172 13.0200533476
357 357 -0.257361221757 0.471911974895 6.69600648536 14.0826226778
358 358 -0.0950521212121 0.256359769697 8.59645812121 33.51298
359 359 -0.170791406926 0.41593395671 10.1417785281 24.640482684
360 360 -0.205680032609 0.480383179348 10.6084585326 22.1216956522
361 361 -0.222378104167 0.487495036458 12.3139369792 25.3579375
362 362 -0.211671957082 0.547488266094 12.6561072961 23.1658360515
363 363 -0.140812474576 0.518640740113 14.5037299435 27.7059129944
364 364 -0.128019132159 0.28523339207 3.99059832599 14.1770846696
365 365 -0.0866380695652 0.250889586957 5.17101856522 20.4799291304
366 366 -0.0917243234043 0.283365587234 4.94155059574 17.7728710638
367 367 -0.186685826087 0.380104586957 5.01380456522 12.9477154348
368 368 -0.204625330612 0.526908616327 14.6431171429 27.4610546939
369 369 -0.18256939749 0.485671945607 13.163257364 27.2569238494
370 370 -0.169035756477 0.42376734715 9.16579937824 21.7747756477
371 371 -0.100391005291 0.317934513228 12.3640862434 38.8297730159
372 372 -0.118749654971 0.366843508772 9.26448532164 25.7060251462
373 373 -0.0988091703057 0.416988934498 12.2978581223 29.1384737991
374 374 -0.170832655367 0.517645615819 13.3787299435 26.3177338983
375 375 -0.171188777778 0.497842570048 15.0661236715 30.0240888889
376 376 -0.303649770701 0.553006063694 15.4654203822 27.628088535
377 377 -0.275394248276 0.565187965517 16.2368055172 28.3487558621
378 378 -0.254372417722 0.550471101266 15.5861917722 27.9726848101
379 379 -0.248362760331 0.483081008264 10.2169529752 20.1409256198
380 380 -0.168997251256 0.506209371859 12.8654415578 24.6284341709
381 381 -0.152836551913 0.392534551913 12.1183345355 29.7423224044
382 382 -0.113714165254 0.451297144068 14.7324440678 32.4657364407
383 383 -0.186593395722 0.54751871123 18.4850347594 33.7006721925
384 384 -0.192171474419 0.615392302326 17.4051688372 28.2602181395
385 385 -0.417700380753 0.671237782427 11.9064887029 17.4534322176
386 386 -0.394373524064 0.643734550802 12.2430395722 18.5621454545
387 387 -0.106335080717 0.289349044843 4.55401775785 15.4006188789
388 388 -0.0840198185841 0.274813858407 5.54732061947 20.2938141593
389 389 -0.0678293771186 0.230613572034 5.32038817797 23.4203084746
390 390 -0.321617 0.182355777778 4.41421111111 23.2871222222
391 391 0.0 0.0 0.0 0.0
392 392 -0.0317305252525 0.198856282828 6.05862070707 29.3797676768
393 393 -0.0432634046512 0.202377483721 8.90298065116 43.7520809302
394 394 -0.0585777572254 0.233133242775 10.5078094798 46.137467052
395 395 -0.0826825671642 0.294549 10.1982128358 35.3220537313
396 396 -0.057453085 0.3245185 9.1072451 28.3238835
397 397 -0.0488798917526 0.307612850515 13.1196752577 42.9249546392
398 398 -0.0578127234043 0.341789761702 11.4299482979 33.2449017021
399 399 -0.0636165561798 0.366930870787 11.0605405618 30.6964483146
400 400 -0.156746104603 0.434723552301 10.6161925105 24.4157230126
401 401 -0.119866456067 0.529073242678 9.52990786611 17.7148711297
402 402 -0.140807304545 0.496702309091 10.5763324091 20.9144131818
403 403 -0.158110294643 0.487394419643 10.3628413393 20.90818125
404 404 -0.317928352941 0.677061764706 18.9135188235 27.5276
405 405 -0.4261864 0.658838407692 15.33012 22.8624846154
406 406 -0.0480794301075 0.172047924731 5.26161494624 30.2190860215
407 407 -0.0499707130802 0.194106822785 6.3955864135 33.4418122363
408 408 -0.0598746542056 0.234422883178 5.30784757009 23.2020551402
409 409 -0.064639190678 0.236169788136 4.84207474576 20.4159288136
410 410 -0.0422318044444 0.22537288 6.85250204444 30.3728142222
411 411 -0.0615041186441 0.258240248588 8.06917531073 31.3845062147
412 412 -0.0704315063291 0.295759599156 8.55900371308 28.904964557
413 413 -0.0680221510791 0.271498755396 5.41327043165 19.3215827338
414 414 -0.200863378947 0.526828894737 14.7168263158 27.7936526316
415 415 -0.310385728033 0.547309104603 12.1463574477 21.9582292887
416 416 -0.256719379747 0.533908831224 16.0912514768 30.0080481013
417 417 -0.326126882845 0.559659117155 13.6743497908 24.2738217573
418 418 -0.207075287554 0.61603767382 16.9541828326 27.1998939914
419 419 -0.20478377439 0.568504713415 13.3680884146 23.3498426829
420 420 -0.229842644231 0.609862177885 12.0451225962 19.4378620192
421 421 -0.22922283908 0.532195247126 12.0705163218 22.8140005747
422 422 -0.123728235294 0.338513282353 7.41884035294 21.3354588235
423 423 -0.0757239876543 0.304966604938 7.45777425926 24.1651432099
424 424 -0.0512842352941 0.299633453782 5.51930739496 18.1470243697
425 425 -0.06362712 0.2050975 3.03726653333 14.4155473333
426 426 -0.0188306 0.175833902703 6.59327583784 37.2234718919
427 427 -0.0339470711297 0.257140225941 9.38925769874 36.0821079498
428 428 -0.0857381939655 0.292489461207 11.9009680172 40.4524689655
429 429 -0.0683096034483 0.364443875 12.8511301724 35.1711543103
430 430 -0.100848862275 0.402145934132 17.2990904192 42.9781149701
431 431 -0.115304304878 0.472182469512 16.1306481707 34.6736134146
432 432 -0.185838954338 0.485103767123 14.2829885845 29.0744219178
433 433 -0.107502222222 0.468682393519 17.3439101852 37.096012963
434 434 -0.0947184849785 0.418539523605 13.839527897 32.8713652361
435 435 -0.155971083682 0.500475585774 17.690392887 35.1241380753
436 436 -0.149475970588 0.56363905042 17.4074911765 30.5585302521
437 437 -0.13236939916 0.578314180672 18.4549243697 31.6127315126
438 438 -0.110765271523 0.540376231788 18.4764609272 34.1791576159
439 439 -0.0603207795699 0.477902623656 15.7182032258 32.5452086022
440 440 -0.0547536443515 0.301109033473 10.4291232636 34.9664301255
441 441 -0.0535234113475 0.432404751773 10.1162486525 23.2840553191
442 442 -0.0175637840909 0.193900488636 5.51715306818 28.515975
443 443 -0.0548510119048 0.210808767857 6.39471053571 30.1740809524
444 444 -0.0461871619048 0.239184742857 7.36023509524 30.5677195238
445 445 -0.0543026523605 0.302529909871 7.63140896996 25.689816309
446 446 -0.0554144663462 0.253656447115 8.907796875 34.9083384615
447 447 -0.0827317623762 0.249005891089 9.63546376238 38.6080465347
448 448 -0.0623985063291 0.289698278481 8.62404113924 29.7817776371
449 449 -0.0649550779221 0.293764350649 10.4032475325 35.0650396104
450 450 -0.0401913904762 0.325275938095 11.9198261905 37.5923033333
451 451 -0.101262211864 0.442364716102 10.3762426695 24.4736495763
452 452 -0.0862812040816 0.56242729932 16.3494782313 28.8397489796
453 453 -0.148298931034 0.549301034483 17.2375655172 31.0946563218
454 454 -0.22072225 0.591163 15.9760681818 26.7932131818
455 455 -0.196904939815 0.573258287037 16.3744689815 28.4056115741
456 456 -0.141826392857 0.453661964286 15.7291595238 34.2925916667
457 457 -0.020028540146 0.127409759124 2.39760649635 18.7777518248
458 458 -0.0458895721393 0.14204839801 2.86373616915 19.7057910448
459 459 -0.0558291928934 0.16523971066 3.73945532995 21.8007822335
460 460 -0.0681596457399 0.212536130045 7.19300233184 34.6024932735
461 461 -0.0762052765957 0.309393910638 7.84720514894 25.7013404255
462 462 -0.095529502439 0.36145882439 7.95164 23.4067263415
463 463 -0.107089957447 0.364420668085 8.04652885106 21.9780370213
464 464 -0.130658261603 0.397484075949 9.71115037975 24.3266721519
465 465 -0.124253715481 0.474378502092 12.19920841 25.2857301255
466 466 -0.148504575 0.511646720833 13.64106375 26.66881625
467 467 -0.130615506276 0.506947246862 14.2590924686 27.6241125523
468 468 -0.155117090909 0.483239590909 11.8245575758 24.3497007576
469 469 -0.0264958571429 0.167930648352 7.28880604396 43.2473032967
470 470 -0.0463616425532 0.183832119149 7.66169195745 41.9095021277
471 471 -0.121648963636 0.237823409091 4.87631154545 20.4005995455
472 472 -0.100810297561 0.234582443902 5.86288570732 24.5334068293
473 473 -0.0702451550802 0.283710566845 7.67907096257 26.6789748663
474 474 -0.0813455882353 0.349957124183 10.0680669281 29.0431326797
475 475 -0.0971313626374 0.367510417582 11.4217972527 31.1940807692
476 476 -0.106833091703 0.379635995633 13.3461888646 35.4105943231
477 477 -0.0812535957447 0.428851506383 11.8996724255 27.7943468085
478 478 -0.0666709957806 0.396152514768 14.6139696203 37.225478481
479 479 -0.0590900184049 0.366269558282 12.0163683436 33.8462110429
480 480 -0.0899896540541 0.333837481081 8.62587956757 26.3022378378
481 481 -0.104421228571 0.565024857143 15.3562752381 26.7993866667
482 482 -0.118781262009 0.544205615721 19.305490393 35.397079476
483 483 -0.101607029289 0.489806857741 15.5841774059 31.5185192469
484 484 -0.131772297778 0.534447542222 11.8739228889 21.9943871111
485 485 -0.167847620482 0.548054180723 11.8795313253 21.5725379518
486 486 -0.0828903939394 0.177978186147 4.81700935065 26.7375177489
487 487 -0.0830208974359 0.171450403846 5.41876987179 31.4302442308
488 488 -0.0400882773109 0.21111562605 5.66512991597 26.4701420168
489 489 -0.090947436019 0.267699890995 8.38978146919 30.6126805687
490 490 -0.114940951965 0.348787790393 11.3049341048 32.2116008734
491 491 -0.0947132477876 0.320043216814 10.266304115 33.7242530973
492 492 -0.0368869497908 0.276925426778 6.92043979079 24.6942422594
493 493 -0.0690148122066 0.229165314554 5.57033859155 26.2615234742
494 494 -0.0525010480769 0.196872524038 4.745403125 24.6248663462
495 495 -0.0437772285714 0.161304819048 3.59106771429 22.2062971429
496 496 -0.0317061652542 0.137221419492 3.88075792373 28.3196631356
497 497 -0.0403066324786 0.131916410256 3.02535230769 22.4439376068
498 498 -0.0763480043478 0.272327882609 10.2322183043 43.4976504348
499 499 -0.0769957990868 0.212955059361 7.10626237443 33.3192242009
500 500 -0.095633034632 0.203588064935 7.50490376623 37.5370731602
501 501 -0.0967204090909 0.198612030303 5.82516444444 29.6982035354
502 502 -0.0512741593407 0.167337785714 4.92200076923 28.9275868132
503 503 -0.067163960396 0.186707193069 7.70542143564 41.383979703
504 504 -0.0638829677419 0.261121526882 6.36017311828 23.1757612903
505 505 -0.0381300546218 0.279255273109 8.5684860084 29.7398180672
506 506 -0.0657486390977 0.291648661654 11.1434147368 37.9715571429
507 507 -0.0664921034483 0.270592534483 8.981675 32.6811241379
508 508 -0.0843008431373 0.28995977451 7.19957676471 25.6654666667