Length Cht Slope R Lh NEAR_DIST 
30.00000 -0.02160 0.18800 5.44000 29.40000 145.37925 
28.00000 -0.06830 0.22400 5.19000 23.40000 199.56780 
30.00000 -0.04040 0.20300 3.53000 16.90000 204.50465 
15.58000 -0.05620 0.19600 6.76000 35.20000 208.39677 
14.42000 -0.08820 0.26800 5.27000 20.60000 246.42504 
30.00000 -0.05980 0.34500 5.76000 16.50000 249.73112 
30.00000 -0.03250 0.28300 9.69000 35.70000 253.91631 
23.12000 -0.09010 0.32400 6.10000 18.70000 254.51830 
30.00000 -0.10800 0.35100 7.86000 23.10000 278.92495 
22.96000 -0.15200 0.37900 7.04000 18.20000 314.37835 
18.96000 -0.07690 0.33700 7.46000 21.70000 313.31104 
30.00000 -0.02450 0.31200 11.30000 35.80000 311.68379 
10.74000 -0.06670 0.24300 5.61000 23.80000 313.61522 
19.26000 -0.08960 0.28300 6.19000 22.10000 391.19229 
30.00000 -0.14000 0.37100 5.78000 15.30000 390.94393 
30.00000 -0.09960 0.33800 7.19000 21.70000 394.98793 
23.36000 -0.10000 0.40200 7.71000 19.00000 364.58902 
30.00000 -0.04700 0.38200 9.99000 25.80000 369.17479 
16.84000 -0.07390 0.38300 8.10000 21.40000 375.24798 
13.16000 -0.04960 0.27900 5.43000 19.00000 345.19912 
30.00000 -0.04210 0.16100 4.91000 31.00000 341.82584 
27.81000 -0.05830 0.25900 5.64000 22.10000 450.66891 
30.00000 -0.04090 0.32800 9.16000 27.80000 453.18620 
26.99000 -0.09580 0.35700 7.24000 20.20000 457.46564 
30.00000 -0.09970 0.27300 6.10000 22.50000 425.97743 
30.00000 -0.03200 0.28700 8.28000 28.60000 424.47018 
25.51000 -0.04250 0.25900 13.20000 52.10000 478.83901 
30.00000 -0.05120 0.18500 6.48000 35.30000 471.86070 
21.11000 -0.05530 0.26100 5.28000 20.00000 569.11541 
30.00000 -0.07320 0.31000 9.93000 32.80000 566.33964 
30.00000 -0.04890 0.33900 14.00000 43.40000 566.01118 
30.00000 -0.07140 0.37400 13.90000 36.70000 566.46248 
15.69000 -0.04670 0.23600 3.56000 14.70000 569.61917 
14.31000 -0.05790 0.30000 4.94000 16.40000 594.23513 
30.00000 -0.03920 0.34600 8.99000 26.10000 593.42242 
30.00000 -0.03950 0.35700 12.30000 34.10000 593.38159 
22.69000 -0.03430 0.21200 12.90000 60.70000 593.56126 
30.00000 -0.01740 0.22400 10.20000 45.20000 633.80733 
24.59000 -0.04650 0.28700 7.64000 27.00000 633.92908 
30.00000 -0.06250 0.29400 10.30000 38.80000 640.46184 
26.49000 -0.03970 0.37600 12.40000 32.60000 635.39626 
28.99000 -0.02820 0.28000 14.30000 53.00000 637.87915 
30.00000 -0.04400 0.27200 16.10000 60.00000 683.88834 
30.00000 -0.06970 0.20500 4.81000 23.40000 682.44675 
22.81000 -0.08560 0.30100 6.61000 22.00000 794.35649 
30.00000 -0.07260 0.24600 7.63000 33.80000 803.82592 
23.61000 -0.09810 0.30700 11.80000 40.30000 776.86060 
30.00000 -0.15300 0.47800 10.30000 21.30000 781.00952 
30.00000 -0.05250 0.19900 6.52000 35.80000 789.26045 
27.21000 -0.05480 0.28700 10.10000 37.20000 836.85256 
30.00000 -0.11200 0.37400 11.20000 30.60000 836.62355 
30.00000 -0.06590 0.42900 12.60000 29.10000 832.92597 
30.00000 -0.11300 0.51400 12.90000 25.40000 826.18216 
30.00000 -0.07010 0.45100 13.40000 29.50000 822.85981 
13.09000 -0.02040 0.46900 21.80000 46.10000 819.27091 
16.91000 -0.08090 0.56100 14.00000 25.10000 809.10675 
30.00000 -0.04080 0.55400 15.20000 27.40000 787.78244 
26.21000 -0.07550 0.55100 14.30000 25.90000 828.00948 
15.45000 0.00000 0.00000 0.00000 0.00000 826.43205 
14.55000 -0.08370 0.51000 16.00000 32.00000 884.16488 
30.00000 -0.14800 0.62200 15.40000 24.40000 888.97973 
11.45000 -0.11900 0.59200 13.70000 24.10000 890.79034 
18.55000 -0.18000 0.64500 14.90000 23.30000 933.24093 
20.75000 -0.13600 0.55400 16.90000 33.40000 933.39924 
30.00000 -0.19800 0.67300 18.00000 26.50000 1030.56052 
30.00000 -0.22100 0.67300 15.30000 22.50000 1034.10254 
30.00000 -0.16200 0.64400 13.80000 21.40000 1038.54810 
30.00000 -0.08650 0.51500 18.50000 36.20000 1039.98698 
25.75000 -0.10600 0.57200 18.00000 31.20000 977.85808 
30.00000 -0.09780 0.58700 18.60000 31.70000 986.90683 
30.00000 -0.16100 0.49900 7.65000 15.40000 994.63903 
24.25000 -0.10400 0.57600 10.90000 18.50000 1071.28542 
22.05000 -0.13800 0.42400 11.40000 29.60000 1074.14410 
30.00000 -0.17700 0.60000 7.25000 11.80000 1117.05239 
19.05000 -0.10100 0.61400 15.90000 25.80000 1118.49257 
10.95000 -0.16400 0.58000 12.10000 20.30000 1078.33568 
24.05000 -0.16400 0.42100 10.50000 27.40000 1080.98777 
30.00000 -0.34600 0.66300 8.92000 13.10000 1160.08617 
25.75000 -0.27300 0.65900 7.52000 11.00000 1119.11154 
14.25000 -0.14300 0.54100 15.40000 28.20000 1127.63365 
15.75000 -0.16400 0.60300 16.70000 27.70000 1092.26039 
30.00000 -0.07110 0.58400 17.60000 30.00000 1100.92763 
30.00000 -0.01540 0.50400 22.30000 44.10000 1114.68136 
30.00000 -0.03740 0.43500 24.70000 57.00000 1125.63672 
30.00000 -0.04450 0.48900 17.90000 36.00000 1135.73408 
30.00000 -0.11500 0.55600 20.70000 37.70000 1145.70545 
21.85000 -0.15700 0.62900 20.00000 31.30000 1159.55100 
30.00000 -0.12800 0.62200 18.10000 28.90000 1166.39198 
30.00000 -0.12600 0.66700 14.60000 21.70000 1179.31128 
30.00000 -0.25800 0.58200 16.20000 31.20000 1184.12004 
23.55000 -0.13900 0.59800 11.50000 18.70000 1205.14071 
20.05000 -0.13900 0.58000 9.63000 16.20000 1135.71598 
14.45000 -0.14800 0.50400 20.80000 48.40000 1141.70713 
15.55000 -0.17700 0.62000 13.90000 22.20000 1272.42032 
30.00000 -0.23300 0.57300 10.30000 17.70000 1274.86662 
26.25000 -0.20600 0.69100 22.40000 32.00000 1308.07191 
24.25000 -0.18000 0.67200 19.40000 28.80000 1231.77731 
30.00000 -0.09050 0.63600 17.00000 26.60000 1235.78887 
30.00000 -0.10800 0.63000 16.30000 25.90000 1243.16886 
30.00000 -0.12200 0.55500 17.00000 30.60000 1257.53763 
21.85000 -0.22900 0.60900 17.40000 29.20000 1370.51947 
30.00000 -0.34400 0.68200 12.60000 18.20000 1369.75514 
30.00000 -0.27100 0.61700 8.81000 13.60000 1367.11300 
27.65000 -0.07080 0.57200 16.30000 28.30000 1369.71487 
30.00000 -0.08990 0.64600 15.80000 24.00000 1200.76173 
10.15000 -0.31300 0.58000 14.90000 25.60000 1195.49574 
19.85000 -0.24900 0.59000 12.30000 20.60000 1432.56906 
30.00000 -0.27300 0.60400 12.70000 20.90000 1434.86828 
27.65000 -0.33100 0.69800 12.40000 17.40000 1478.94436 
30.00000 -0.35000 0.64900 11.40000 16.70000 1476.96515 
30.00000 -0.07140 0.52700 22.00000 40.70000 1476.80078 
29.15000 -0.05860 0.60600 20.70000 34.10000 1305.82220 
30.00000 -0.15100 0.61800 20.70000 33.30000 1305.30463 
30.00000 -0.17400 0.66500 23.30000 35.10000 1293.60740 
30.00000 -0.18600 0.62700 21.20000 34.10000 1287.68110 
25.85000 -0.22900 0.65600 21.70000 33.00000 1287.71362 
30.00000 -0.27500 0.64300 15.00000 23.30000 1441.31833 
23.65000 -0.42100 0.68700 14.60000 21.10000 1460.59674 
30.00000 -0.38400 0.71100 13.90000 19.50000 1558.62105 
30.00000 -0.30300 0.68500 14.60000 21.00000 1568.23079 
30.00000 -0.24700 0.69200 18.60000 26.40000 1574.82285 
30.00000 -0.22200 0.70400 21.30000 29.90000 1589.48369 
30.00000 -0.21000 0.68500 22.30000 32.30000 1608.33011 
30.00000 -0.14200 0.69300 21.20000 30.50000 1620.39630 
30.00000 -0.14500 0.69900 22.00000 31.30000 1621.42988 
30.00000 -0.17700 0.48000 10.90000 23.40000 1621.61528 
27.60000 -0.15900 0.52200 12.10000 23.20000 1612.95111 
30.00000 -0.35500 0.66800 15.80000 23.40000 1611.82435 
27.40000 -0.24900 0.64000 17.70000 27.50000 1611.80710 
25.70000 -0.18600 0.58900 14.50000 24.40000 1617.53086 
30.00000 -0.09410 0.53700 13.10000 24.00000 1660.60442 
26.00000 -0.16000 0.64400 18.70000 28.60000 1437.37657 
30.00000 -0.19000 0.65600 21.80000 32.80000 1428.96873 
30.00000 -0.22800 0.65800 18.60000 27.50000 1416.63109 
30.00000 -0.21700 0.66100 11.30000 16.60000 1398.60571 
21.57000 -0.27800 0.68100 15.40000 22.30000 1384.04330 
27.97000 -0.18500 0.48500 12.10000 24.40000 1544.67401 
30.00000 -0.34500 0.69800 19.20000 26.40000 1691.40520 
26.53000 -0.21500 0.65300 17.70000 25.40000 1671.54310 
11.27000 -0.04950 0.41000 22.70000 55.40000 1671.74086 
18.73000 -0.29500 0.63400 15.20000 23.90000 1771.16569 
30.00000 -0.25400 0.59500 15.60000 26.50000 1774.05193 
30.00000 -0.12300 0.42800 12.60000 28.90000 1792.00067 
19.73000 -0.13800 0.62300 16.50000 25.90000 1519.41472 
30.00000 -0.13500 0.64600 24.10000 38.10000 1510.01986 
30.00000 -0.06610 0.58100 24.20000 41.80000 1501.00615 
11.17000 -0.23400 0.73000 25.40000 34.80000 1498.05406 
18.83000 -0.27000 0.74200 25.30000 34.00000 1666.45597 
30.00000 -0.44100 0.70700 21.40000 29.00000 1670.08352 
30.00000 -0.20400 0.62600 18.80000 28.20000 1680.23034 
10.77000 -0.22500 0.50000 13.30000 27.20000 1689.59595 
19.23000 -0.29300 0.58700 10.20000 17.20000 1832.31777 
30.00000 -0.29800 0.58700 7.94000 13.20000 1839.17328 
30.00000 -0.25000 0.51100 12.50000 24.40000 1850.40976 
24.53000 -0.17500 0.50400 10.30000 20.20000 1879.15424 
30.00000 -0.16000 0.56100 16.20000 28.30000 1878.95667 
30.00000 -0.28900 0.67500 19.80000 28.70000 1880.46009 
25.83000 -0.44300 0.73600 19.80000 26.10000 1814.93583 
30.00000 -0.45400 0.71900 16.70000 22.10000 1823.73974 
30.00000 -0.11100 0.39300 10.20000 25.90000 1827.84420 
21.03000 -0.21300 0.46100 12.20000 26.90000 1945.05129 
30.00000 -0.12600 0.36500 13.70000 37.30000 1947.02694 
16.77000 -0.28700 0.70600 23.10000 32.80000 1950.10985 
13.23000 -0.45500 0.77500 22.90000 29.50000 1879.76266 
30.00000 -0.49100 0.78700 24.90000 31.50000 1880.96368 
30.00000 -0.52500 0.79200 24.50000 30.70000 1882.44958 
30.00000 -0.53400 0.74700 17.50000 22.90000 1882.85246 
30.00000 -0.36200 0.70000 20.80000 28.00000 1882.59293 
28.53000 -0.29200 0.70700 24.00000 32.50000 1807.71695 
12.67000 -0.15900 0.46500 17.20000 37.30000 1807.72732 
17.33000 -0.12100 0.56300 17.60000 31.70000 1949.79203 
30.00000 -0.20000 0.58200 20.80000 34.90000 1954.99707 
30.00000 -0.15300 0.63100 25.90000 40.40000 1966.32035 
12.87000 -0.29100 0.76100 32.50000 42.40000 1964.75101 
17.13000 -0.31200 0.74300 30.00000 39.80000 1803.88505 
30.00000 -0.14300 0.65500 24.50000 36.80000 1805.27959 
30.00000 -0.07710 0.59500 16.90000 28.20000 1812.36202 
14.67000 -0.16900 0.14400 2.88000 6.17000 1819.12901 
15.33000 -0.17300 0.45600 10.80000 23.20000 2034.89089 
30.00000 -0.29300 0.50400 7.74000 15.20000 2039.77772 
30.00000 -0.42800 0.53700 6.36000 10.90000 2056.55517 
16.77000 -0.25700 0.65600 28.20000 42.80000 2076.56259 
13.23000 -0.43100 0.74600 30.40000 40.80000 1956.21138 
30.00000 -0.46500 0.74300 28.60000 38.20000 1954.81917 
30.00000 -0.44400 0.75800 29.30000 38.20000 1954.89985 
30.00000 -0.45200 0.78600 28.20000 35.50000 1955.57961 
30.00000 -0.36100 0.77700 21.70000 27.80000 1954.80351 
30.00000 -0.17500 0.69200 15.40000 22.00000 1952.68101 
10.17000 -0.21400 0.53300 7.04000 12.90000 1953.36380 
19.83000 -0.26500 0.65700 12.80000 19.00000 1898.90180 
30.00000 -0.19600 0.70000 18.60000 26.50000 1891.11546 
30.00000 -0.11500 0.70100 29.50000 41.90000 1882.74026 
16.57000 -0.15800 0.37400 11.60000 30.70000 1880.38240 
13.43000 -0.12200 0.43000 16.10000 37.30000 2215.56426 
30.00000 -0.20500 0.49800 16.30000 32.90000 2219.75759 
30.00000 -0.25900 0.62800 18.20000 28.90000 2231.10272 
30.00000 -0.28600 0.67400 21.20000 31.30000 2249.36179 
30.00000 -0.32700 0.67700 26.90000 39.70000 2267.41561 
30.00000 -0.35000 0.68400 26.60000 38.80000 2286.54101 
30.00000 -0.28800 0.68500 26.40000 39.20000 2291.73668 
30.00000 -0.33600 0.72600 29.10000 40.60000 2294.49399 
30.00000 -0.31000 0.78200 23.70000 30.70000 2298.89709 
30.00000 -0.30600 0.75300 29.60000 39.70000 2301.20638 
30.00000 -0.27600 0.74400 29.30000 38.60000 2301.82246 
30.00000 -0.17500 0.70400 24.60000 34.40000 2301.95649 
30.00000 -0.19600 0.65100 14.60000 21.50000 2296.05060 
30.00000 -0.15600 0.57200 11.80000 20.10000 2290.68925 
19.87000 -0.28700 0.64400 19.90000 30.80000 2290.55566 
10.13000 -0.44400 0.65900 18.10000 27.00000 2153.90504 
30.00000 -0.40700 0.63000 9.27000 13.60000 2160.37249 
24.47000 -0.12500 0.35600 9.63000 27.70000 2175.39949 
30.00000 -0.11500 0.43100 11.20000 26.30000 2266.84341 
20.77000 -0.38200 0.72200 17.60000 23.20000 2261.72076 
30.00000 -0.32100 0.63700 13.10000 18.90000 2117.62958 
30.00000 -0.18400 0.54600 14.50000 23.80000 2120.71510 
12.47000 -0.19000 0.15200 2.78000 6.50000 2122.76425 
17.53000 -0.15900 0.43500 11.00000 24.90000 2314.86472 
30.00000 -0.13400 0.51000 19.30000 35.20000 2308.55010 
23.53000 -0.30300 0.73000 26.10000 35.20000 2116.99161 
30.00000 -0.10800 0.35400 8.33000 23.40000 2120.78443 
23.63000 -0.19200 0.46600 9.08000 19.40000 2493.06810 
30.00000 -0.35600 0.51000 9.64000 18.70000 2493.29371 
30.00000 -0.18500 0.52200 13.10000 25.10000 2498.63136 
30.00000 -0.25600 0.57200 16.30000 28.60000 2506.02346 
30.00000 -0.46600 0.56100 17.10000 30.60000 2510.56946 
30.00000 -0.42600 0.57800 19.00000 32.60000 2517.59007 
30.00000 -0.45700 0.63900 21.20000 32.80000 2521.72200 
30.00000 -0.43400 0.64900 23.40000 35.90000 2526.63351 
30.00000 -0.39100 0.67500 24.30000 36.40000 2530.02132 
30.00000 -0.25000 0.71200 24.50000 34.10000 2533.44605 
30.00000 -0.29800 0.74300 23.70000 31.20000 2522.84562 
30.00000 -0.33500 0.74800 23.10000 30.40000 2517.26431 
30.00000 -0.44000 0.78200 28.40000 35.90000 2515.38262 
20.57000 -0.12100 0.65700 24.60000 37.10000 2514.06736 
30.00000 -0.20800 0.61600 22.70000 33.60000 2230.21764 
30.00000 -0.25300 0.68000 26.20000 36.90000 2234.50043 
30.00000 -0.16300 0.65300 25.60000 39.20000 2226.39715 
18.57000 -0.15700 0.59200 24.20000 40.60000 2221.22605 
11.43000 -0.09740 0.60400 27.30000 45.10000 2432.50650 
25.77000 -0.26000 0.64000 31.80000 50.30000 2432.69211 
30.00000 -0.32200 0.67600 34.90000 51.50000 2429.34190 
30.00000 -0.41100 0.71500 31.70000 44.50000 2433.95786 
30.00000 -0.39900 0.74700 23.30000 31.00000 2439.77003 
30.00000 -0.35600 0.63400 15.60000 24.20000 2441.05112 
22.33000 -0.15300 0.59100 17.50000 29.60000 2594.38380 
30.00000 -0.21400 0.57400 26.90000 46.90000 2599.21692 
30.00000 -0.29800 0.67400 20.40000 30.40000 2602.13269 
30.00000 -0.21500 0.65200 25.80000 39.40000 2614.98154 
30.00000 -0.19800 0.68900 30.20000 43.70000 2618.48537 
30.00000 -0.19100 0.70600 27.80000 39.10000 2621.63550 
30.00000 -0.08790 0.67400 29.50000 44.00000 2623.30211 
30.00000 -0.08010 0.65200 30.10000 45.90000 2623.23089 
30.00000 -0.14700 0.66500 29.40000 43.90000 2620.14798 
30.00000 -0.27100 0.71300 23.30000 31.90000 2620.10463 
27.47000 -0.30800 0.76200 36.60000 47.50000 2614.60808 
30.00000 -0.15400 0.72600 33.60000 45.80000 2425.09127 
30.00000 -0.19500 0.72800 31.40000 42.60000 2426.30791 
30.00000 -0.13300 0.47000 12.10000 25.70000 2427.75202 
22.53000 -0.20600 0.45700 9.74000 21.30000 2760.50151 
30.00000 -0.26800 0.47700 11.50000 23.90000 2752.38363 
30.00000 -0.25700 0.53000 15.30000 28.70000 2747.09957 
28.23000 -0.28900 0.53400 12.10000 22.60000 2725.63051 
30.00000 -0.38300 0.51200 20.90000 40.70000 2722.24650 
28.23000 -0.23200 0.54000 19.90000 37.00000 2740.08124 
30.00000 -0.25900 0.60600 19.50000 31.90000 2745.21360 
30.00000 -0.17200 0.59300 19.10000 32.00000 2751.94401 
30.00000 -0.23900 0.64800 19.60000 30.10000 2760.47242 
30.00000 -0.33200 0.68800 21.30000 30.70000 2762.11839 
30.00000 -0.30700 0.71700 23.70000 32.70000 2766.11544 
30.00000 -0.35500 0.74900 24.40000 32.20000 2772.32271 
30.00000 -0.36400 0.67600 20.30000 29.60000 2768.29303 
30.00000 -0.48800 0.63300 17.80000 27.80000 2767.86577 
27.97000 -0.17000 0.48600 12.10000 25.20000 2771.92770 
30.00000 -0.27200 0.47900 12.20000 25.80000 2832.26306 
30.00000 -0.26600 0.50000 14.50000 28.90000 2836.52187 
30.00000 -0.26600 0.55200 14.50000 26.10000 2844.32612 
30.00000 -0.16900 0.58000 13.90000 23.90000 2853.29546 
30.00000 -0.25500 0.57900 14.10000 24.20000 2863.30822 
30.00000 -0.17900 0.54200 18.80000 34.50000 2874.83612 
30.00000 -0.24800 0.61200 21.90000 35.60000 2880.52521 
30.00000 -0.26800 0.63400 18.60000 29.10000 2887.34373 
30.00000 -0.31500 0.59700 17.50000 29.10000 2885.30069 
30.00000 -0.15600 0.56400 15.50000 27.30000 2885.41372 
29.97000 -0.25800 0.55200 16.70000 30.80000 2885.46730 
30.00000 -0.24600 0.59800 18.80000 31.90000 2914.09466 
30.00000 -0.30200 0.59400 17.60000 30.40000 2916.91178 
30.00000 -0.22500 0.48600 15.70000 34.40000 2918.33960 
30.00000 -0.29600 0.53700 16.30000 32.00000 2918.40567 
30.00000 -0.33500 0.53800 14.60000 27.50000 2922.76125 
30.00000 -0.35200 0.54000 13.50000 25.00000 2938.50249 
30.00000 -0.41600 0.60100 12.20000 20.20000 2953.91749 
30.00000 -0.27400 0.57000 14.00000 24.10000 2972.44050 
16.87000 -0.23800 0.65200 19.10000 28.30000 2990.14250 
13.13000 -0.28900 0.69200 23.10000 32.80000 2705.27401 
30.00000 -0.37000 0.71700 22.20000 30.70000 2702.37716 
30.00000 -0.36600 0.71700 20.70000 28.70000 2702.76396 
30.00000 -0.38900 0.67200 19.70000 29.00000 2707.28126 
30.00000 -0.35200 0.63400 17.60000 27.60000 2710.61230 
14.01000 -0.32200 0.62500 12.80000 20.50000 2708.31291 
15.99000 -0.28400 0.64400 15.70000 24.30000 2821.23572 
30.00000 -0.25800 0.65900 19.40000 29.20000 2824.29215 
30.00000 -0.27300 0.62000 18.20000 29.10000 2822.37829 
29.51000 -0.09760 0.29100 6.68000 23.00000 2819.69131 
30.00000 -0.08800 0.32100 6.84000 21.60000 3060.18212 
30.00000 -0.12700 0.41200 8.61000 21.10000 3054.38499 
30.00000 -0.11500 0.41000 8.98000 21.80000 3048.90458 
30.00000 -0.17700 0.44400 12.20000 27.20000 3049.72766 
30.00000 -0.19600 0.49000 12.40000 25.40000 3051.71472 
24.41000 -0.36700 0.61300 10.30000 16.20000 3056.63811 
30.00000 -0.27900 0.56400 13.20000 23.20000 2968.84471 
30.00000 -0.27500 0.51800 11.90000 22.80000 2969.11429 
30.00000 -0.19200 0.44900 11.20000 25.00000 2969.12286 
30.00000 -0.15100 0.23300 4.55000 11.30000 2970.96958 
30.00000 -0.15000 0.40800 6.99000 17.60000 2975.83359 
30.00000 -0.08900 0.28200 8.54000 30.70000 2973.75519 
29.35000 -0.08740 0.31800 8.15000 25.60000 3188.71405 
30.00000 -0.04580 0.26200 7.23000 27.30000 3190.19865 
30.00000 -0.07120 0.29900 9.76000 33.50000 3196.72974 
30.00000 -0.07900 0.42400 8.53000 20.20000 3215.72289 
30.00000 -0.09370 0.42600 12.10000 28.00000 3219.18141 
30.00000 -0.17300 0.53100 15.90000 30.10000 3219.49456 
30.00000 -0.17300 0.56600 18.90000 33.20000 3231.61545 
30.00000 -0.22800 0.60300 19.50000 32.10000 3235.44183 
30.00000 -0.25700 0.59500 17.40000 29.00000 3250.21821 
30.00000 -0.20400 0.55200 14.10000 25.20000 3258.99253 
30.00000 -0.19000 0.53500 13.50000 24.90000 3262.50939 
30.00000 -0.14700 0.50900 13.60000 26.60000 3278.35227 
30.00000 -0.16300 0.57000 17.70000 30.70000 3296.99451 
30.00000 -0.28400 0.55700 17.60000 31.00000 3310.12527 
30.00000 -0.25600 0.58900 19.40000 32.70000 3320.74185 
30.00000 -0.13500 0.54600 17.80000 32.20000 3321.85519 
30.00000 -0.15200 0.53200 16.10000 29.60000 3332.98894 
30.00000 -0.21800 0.47800 15.80000 32.90000 3349.02104 
11.83000 -0.15200 0.48900 19.30000 39.40000 3367.62311 
18.17000 -0.28400 0.58100 18.70000 32.20000 3071.46302 
30.00000 -0.19300 0.58900 18.00000 30.70000 3084.22784 
30.00000 -0.21200 0.57100 16.30000 28.40000 3091.89324 
30.00000 -0.29000 0.61500 14.60000 23.20000 3097.93467 
30.00000 -0.34000 0.65200 15.80000 23.70000 3107.62061 
30.00000 -0.37600 0.66800 18.00000 26.40000 3114.17734 
26.73000 -0.20800 0.61600 17.60000 28.30000 3115.12478 
30.00000 -0.19300 0.60000 15.50000 25.50000 2992.53448 
23.23000 -0.21500 0.66100 14.40000 21.80000 3007.66635 
30.00000 -0.08810 0.23200 5.15000 22.10000 2969.27372 
26.56000 -0.05290 0.30000 9.41000 31.00000 3254.99905 
30.00000 0.04990 0.22400 3.95000 16.20000 3242.39814 
28.87000 -0.14700 0.38300 8.52000 23.80000 3296.95887 
30.00000 -0.22900 0.41600 7.48000 18.40000 3295.17215 
30.00000 -0.17400 0.41100 9.51000 23.60000 3302.36862 
30.00000 -0.21500 0.50800 12.60000 25.20000 3309.91495 
30.00000 -0.20200 0.54700 10.30000 18.30000 3313.78803 
30.00000 -0.12900 0.46900 8.29000 17.30000 3318.95665 
17.63000 -0.17900 0.49800 18.20000 36.00000 3323.34351 
12.37000 -0.19700 0.54400 14.20000 25.80000 3131.12603 
30.00000 -0.18200 0.47700 6.42000 13.00000 3138.03312 
30.00000 -0.25700 0.47200 6.70000 14.10000 3158.77107 
30.00000 -0.09510 0.25600 8.60000 33.50000 3179.89805 
20.37000 -0.17100 0.41600 10.10000 24.60000 3348.19645 
30.00000 -0.20600 0.48000 10.60000 22.10000 3356.73183 
30.00000 -0.22200 0.48700 12.30000 25.40000 3368.25370 
30.00000 -0.21200 0.54700 12.70000 23.20000 3380.91953 
30.00000 -0.14100 0.51900 14.50000 27.70000 3391.45726 
22.76000 -0.12800 0.28500 3.99000 14.20000 3395.38628 
30.00000 -0.08660 0.25100 5.17000 20.50000 3388.35467 
30.00000 -0.09170 0.28300 4.94000 17.80000 3399.80304 
30.00000 -0.18700 0.38000 5.01000 12.90000 3410.10276 
23.36000 -0.20500 0.52700 14.60000 27.50000 3417.26644 
30.00000 -0.18300 0.48600 13.20000 27.30000 3160.26190 
30.00000 -0.16900 0.42400 9.17000 21.80000 3175.01080 
24.36000 -0.10000 0.31800 12.40000 38.80000 3195.31130 
30.00000 -0.11900 0.36700 9.26000 25.70000 3549.06896 
30.00000 -0.09880 0.41700 12.30000 29.10000 3553.14623 
30.00000 -0.17100 0.51800 13.40000 26.30000 3561.34892 
30.00000 -0.17100 0.49800 15.10000 30.00000 3567.13342 
30.00000 -0.30400 0.55300 15.50000 27.60000 3578.79751 
30.00000 -0.27500 0.56500 16.20000 28.30000 3583.87899 
30.00000 -0.25400 0.55000 15.60000 28.00000 3596.36879 
30.00000 -0.24800 0.48300 10.20000 20.10000 3608.70589 
30.00000 -0.16900 0.50600 12.90000 24.60000 3624.63834 
30.00000 -0.15300 0.39300 12.10000 29.70000 3645.89885 
30.00000 -0.11400 0.45100 14.70000 32.50000 3665.33924 
30.00000 -0.18700 0.54800 18.50000 33.70000 3675.79525 
23.19000 -0.19200 0.61500 17.40000 28.30000 3407.93605 
30.00000 -0.41800 0.67100 11.90000 17.50000 3419.30209 
30.00000 -0.39400 0.64400 12.20000 18.60000 3423.12812 
23.61000 -0.10600 0.28900 4.55000 15.40000 3420.20730 
30.00000 -0.08400 0.27500 5.55000 20.30000 3508.83397 
30.00000 -0.06780 0.23100 5.32000 23.40000 3498.21476 
30.00000 -0.32200 0.18200 4.41000 23.30000 3488.70625 
30.00000 0.00000 0.00000 0.00000 0.00000 3482.88959 
17.95000 -0.03170 0.19900 6.06000 29.40000 3484.16196 
12.05000 -0.04330 0.20200 8.90000 43.80000 3650.00030 
30.00000 -0.05860 0.23300 10.50000 46.10000 3650.53950 
30.00000 -0.08270 0.29500 10.20000 35.30000 3653.17065 
30.00000 -0.05750 0.32500 9.11000 28.30000 3657.16863 
30.00000 -0.04890 0.30800 13.10000 42.90000 3669.97121 
30.00000 -0.05780 0.34200 11.40000 33.20000 3675.49447 
30.00000 -0.06360 0.36700 11.10000 30.70000 3675.47752 
30.00000 -0.15700 0.43500 10.60000 24.40000 3676.26574 
30.00000 -0.12000 0.52900 9.53000 17.70000 3671.82710 
30.00000 -0.14100 0.49700 10.60000 20.90000 3673.01701 
30.00000 -0.15800 0.48700 10.40000 20.90000 3675.50308 
15.35000 -0.31800 0.67700 18.90000 27.50000 3671.68365 
14.65000 -0.42600 0.65900 15.30000 22.90000 3417.53668 
18.35000 -0.04810 0.17200 5.26000 30.20000 3417.38339 
11.65000 -0.05000 0.19400 6.40000 33.40000 3736.31151 
30.00000 -0.05990 0.23400 5.31000 23.20000 3735.63586 
30.00000 -0.06460 0.23600 4.84000 20.40000 3736.70580 
30.00000 -0.04220 0.22500 6.85000 30.40000 3745.61988 
30.00000 -0.06150 0.25800 8.07000 31.40000 3749.79933 
30.00000 -0.07040 0.29600 8.56000 28.90000 3752.49664 
30.00000 -0.06800 0.27100 5.41000 19.30000 3755.03037 
18.49000 -0.20100 0.52700 14.70000 27.80000 3757.84635 
11.51000 -0.31000 0.54700 12.10000 22.00000 3447.10915 
30.00000 -0.25700 0.53400 16.10000 30.00000 3450.98065 
30.00000 -0.32600 0.56000 13.70000 24.30000 3462.10186 
30.00000 -0.20700 0.61600 17.00000 27.20000 3468.91252 
30.00000 -0.20500 0.56900 13.40000 23.30000 3476.19091 
30.00000 -0.23000 0.61000 12.00000 19.40000 3466.87472 
30.00000 -0.22900 0.53200 12.10000 22.80000 3461.71331 
30.00000 -0.12400 0.33900 7.42000 21.30000 3444.95624 
30.00000 -0.07570 0.30500 7.46000 24.20000 3443.37738 
30.00000 -0.05130 0.30000 5.52000 18.10000 3440.66240 
30.00000 -0.06360 0.20500 3.04000 14.40000 3434.66830 
30.00000 -0.01880 0.17600 6.59000 37.20000 3427.64551 
23.30000 -0.03390 0.25700 9.39000 36.10000 3842.38578 
30.00000 -0.08570 0.29200 11.90000 40.50000 3842.64606 
30.00000 -0.06830 0.36400 12.90000 35.20000 3842.57262 
30.00000 -0.10100 0.40200 17.30000 43.00000 3848.62774 
30.00000 -0.11500 0.47200 16.10000 34.70000 3849.62225 
30.00000 -0.18600 0.48500 14.30000 29.10000 3858.65345 
30.00000 -0.10800 0.46900 17.30000 37.10000 3870.98344 
30.00000 -0.09470 0.41900 13.80000 32.90000 3889.98118 
30.00000 -0.15600 0.50000 17.70000 35.10000 3893.30762 
30.00000 -0.14900 0.56400 17.40000 30.60000 3889.61065 
30.00000 -0.13200 0.57800 18.50000 31.60000 3890.02197 
30.00000 -0.11100 0.54000 18.50000 34.20000 3886.59409 
30.00000 -0.06030 0.47800 15.70000 32.50000 3887.12565 
25.70000 -0.05480 0.30100 10.40000 35.00000 3888.13019 
30.00000 -0.05350 0.43200 10.10000 23.30000 3763.71751 
19.50000 -0.01760 0.19400 5.52000 28.50000 3768.85935 
10.50000 -0.05490 0.21100 6.39000 30.20000 3921.21381 
30.00000 -0.04620 0.23900 7.36000 30.60000 3921.36752 
30.00000 -0.05430 0.30300 7.63000 25.70000 3922.22849 
30.00000 -0.05540 0.25400 8.91000 34.90000 3909.73265 
28.40000 -0.08270 0.24900 9.64000 38.60000 4025.76925 
30.00000 -0.06240 0.29000 8.62000 29.80000 4028.41431 
30.00000 -0.06500 0.29400 10.40000 35.10000 4035.89077 
30.00000 -0.04020 0.32500 11.90000 37.60000 4037.29495 
30.00000 -0.10100 0.44200 10.40000 24.50000 4039.59923 
30.00000 -0.08630 0.56200 16.30000 28.80000 4045.36643 
24.44000 -0.14800 0.54900 17.20000 31.10000 3815.80621 
30.00000 -0.22100 0.59100 16.00000 26.80000 3804.14749 
30.00000 -0.19700 0.57300 16.40000 28.40000 3792.16882 
30.00000 -0.14200 0.45400 15.70000 34.30000 3779.78778 
13.16000 -0.02000 0.12700 2.40000 18.80000 3774.66950 
16.84000 -0.04590 0.14200 2.86000 19.70000 4102.19921 
30.00000 -0.05580 0.16500 3.74000 21.80000 4104.65037 
30.00000 -0.06820 0.21300 7.19000 34.60000 4107.96990 
30.00000 -0.07620 0.30900 7.85000 25.70000 4113.06918 
30.00000 -0.09550 0.36100 7.95000 23.40000 4124.09665 
30.00000 -0.10700 0.36400 8.05000 22.00000 4135.92194 
30.00000 -0.13100 0.39700 9.71000 24.30000 4143.63282 
30.00000 -0.12400 0.47400 12.20000 25.30000 4151.23730 
30.00000 -0.14900 0.51200 13.60000 26.70000 4161.67905 
30.00000 -0.13100 0.50700 14.30000 27.60000 4154.95835 
30.00000 -0.15500 0.48300 11.80000 24.30000 4151.04041 
18.56000 -0.02650 0.16800 7.29000 43.20000 4151.49412 
11.44000 -0.04640 0.18400 7.66000 41.90000 4174.12196 
30.00000 -0.12200 0.23800 4.88000 20.40000 4175.17651 
30.00000 -0.10100 0.23500 5.86000 24.50000 4176.99599 
30.00000 -0.07020 0.28400 7.68000 26.70000 4183.17994 
30.00000 -0.08130 0.35000 10.10000 29.00000 4191.33108 
30.00000 -0.09710 0.36800 11.40000 31.20000 4199.49483 
30.00000 -0.10700 0.38000 13.30000 35.40000 4212.87915 
30.00000 -0.08130 0.42900 11.90000 27.80000 4221.79575 
30.00000 -0.06670 0.39600 14.60000 37.20000 4225.04146 
30.00000 -0.05910 0.36600 12.00000 33.80000 4222.14967 
30.00000 -0.09000 0.33400 8.63000 26.30000 4217.93015 
23.86000 -0.10400 0.56500 15.40000 26.80000 4215.15548 
30.00000 -0.11900 0.54400 19.30000 35.40000 4077.88554 
30.00000 -0.10200 0.49000 15.60000 31.50000 4070.44634 
30.00000 -0.13200 0.53400 11.90000 22.00000 4067.96538 
30.00000 -0.16800 0.54800 11.90000 21.60000 4049.84625 
21.06000 -0.08290 0.17800 4.82000 26.70000 4047.35947 
30.00000 -0.08300 0.17100 5.42000 31.40000 4336.99033 
20.81000 -0.04010 0.21100 5.67000 26.50000 4338.09110 
30.00000 -0.09090 0.26800 8.39000 30.60000 4313.82877 
30.00000 -0.11500 0.34900 11.30000 32.20000 4305.43853 
30.00000 -0.09470 0.32000 10.30000 33.70000 4292.14366 
30.00000 -0.03690 0.27700 6.92000 24.70000 4284.67778 
30.00000 -0.06900 0.22900 5.57000 26.30000 4280.42319 
30.00000 -0.05250 0.19700 4.75000 24.60000 4276.13783 
30.00000 -0.04380 0.16100 3.59000 22.20000 4269.16425 
30.00000 -0.03170 0.13700 3.88000 28.30000 4259.73299 
30.00000 -0.04030 0.13200 3.03000 22.40000 4257.11411 
23.56000 -0.07630 0.27200 10.20000 43.50000 4256.19624 
30.00000 -0.07700 0.21300 7.11000 33.30000 4416.22287 
30.00000 -0.09560 0.20400 7.50000 37.50000 4395.50394 
30.00000 -0.09670 0.19900 5.83000 29.70000 4375.33320 
30.00000 -0.05130 0.16700 4.92000 28.90000 4359.79150 
30.00000 -0.06720 0.18700 7.71000 41.40000 4357.20581 
30.00000 -0.06390 0.26100 6.36000 23.20000 4342.81613 
11.40000 -0.03810 0.27900 8.57000 29.70000 4475.29714 
30.00000 -0.06570 0.29200 11.10000 38.00000 4463.64115 
16.85000 -0.06650 0.27100 8.98000 32.70000 4452.95079 
13.15000 -0.08430 0.29000 7.20000 25.70000 4447.49296 
0.00000 0.00000 0.00000 0.00000 0.00000 0.00000 